0.0040609222773529
0.00031801480551361
0.0080663636249992
0.0055938818516477
0.0012434103190836
0.010455939409194
0.0016825652375964
0.0035976157024585
0.0016146723039483
0.012181318635515
0.00031419154480273
0.021287025677719
0.012809689518219
0.00090604959863265
0.0062181425831652
0.0022007128925571
0.065486892227788
0.0010113107838217
0.018496952831382
0.00060133480472091
0.0013952376937742
0.0050572792088323
0.0038436089172037
0.0014671927595167
0.03086402095189
0.0008113450654584
0.0010221354403861
0.00011718052597409
0.019276735330312
0.0072406875195179
0.00076752572965383
0.0052742276733814
0.0029951756220972
0.0020596187772182
0.00068602737688513
0.0057904043989951
0.00056595887916616
0.00036954532442097
0.0034678874150393
0.0017622640425397
0.012332582731583
0.0061920890116288
0.0061281409817356
0.012379658712416
0.0040394106072389
0.0089447902752969
0.0075359628350633
8.692818264621e-05
0.0093243961844055
0.018874739094683
0.012831373825304
0.0060136609074511
0.0085242108162192
0.0019357740035293
0.0089227143113171
0.016825195197536
0.00048755616697169
0.0034593376330817
0.06518194327445
0.040233879660329
0.022491576590353
0.0071674506969447
0.0020071713901525
0.0020665011304679
0.042214785412067
0.01559360010953
0.0025620980561688
0.053704448881771
0.023116775980554
0.010934529327101
0.0014310284842998
0.018817993475145
0.0019724307176258
0.013682056924294
0.0046145856400371
0.0058576632659812
0.03059721340359
0.025340884321138
0.012461944686664
0.011286414447236
0.010409624655391
0.055364958585257
0.002954488666012
0.0044254434671624
0.0013496773394184
0.0015517737238078
0.011404706237292
0.0016199910210722
0.0069570079655122
0.0015288561440496
0.011577538819134
0.0030725268349949
0.0005369298832928
0.0062553934841327
0.0013214407068279
0.0011965888183596
0.0032721019610574
0.0004562639223522
0.0010852819272123
0.0019043022574716
0.0025771002324284
0.00622146225704
0.014867297304586
0.0014888943598025
0.0049176319880435
0.00037743650152004
0.002243242761704
0.017146984770104
0.00068973262644214
0.0037133055541543
0.0003497243254104
0.005514887298337
0.0094905024976609
0.088699681005663
0.036893726733911
0.012208372895979
0.029524423938185
0.01429006633412
0.00056835154296557
0.0050165051822586
0.012083570448027
0.056254410769211
0.005721784214496
0.018129445812648
0.049339565370005
0.67039718981562
0.0098725309910264
0.020661507238055
0.2422462120576
0.27788549994027
0.066078817122122
0.0042074228457179
0.11820387105192
0.014576144780362
0.066844406462872
0.014152485023299
0.043032235789851
0.12271374175485
0.013138079441704
0.0009335598633781
0.015386943156016
0.00063094081115704
0.0027492489399085
0.12608703835723
0.0099943342492558
0.0052646976725498
0.017339834439513
0.0022014366810707
0.0021445731747226
0.028322798069243
0.010528790475213
0.0065184215419847
0.014855205766044
0.0021010891388702
0.0056163523395107
0.0026202042813322
0.086737001395257
0.0048894966545159
0.0025191760015572
0.00056035874519216
0.0041927155512003
0.00055895724366067
0.0020019471052247
0.001434983889095
0.010722101434291
0.0032069456392974
0.01115643290524
0.0093494335555225
0.012310723247271
0.011912329129667
0.0044631410446603
0.059278701600518
0.0026096425408241
0.0034589819705922
0.051848268086807
0.029988379396293
0.0067009083740743
0.0029421195275681
0.0086397902453102
0.10219088203107
0.10221080991256
0.064995250937631
0.54378920027082
0.30651128392005
0.8408416093748
0.99134376071651
0.98375636987207
0.99698145706755
0.99964272453664
0.79221228897621
0.99999356406157
0.98951166290524
0.98690013074298
0.99989332573249
0.99998551109
0.99998649638514
0.9999908120703
0.9989901711617
0.99990529802764
0.99983962122577
0.99897450826895
0.99954163823196
0.99951941404436
0.91327693364573
0.87785453917257
0.97426596993614
0.73486699546031
0.44822733851549
0.89925858874268
0.89013023769765
0.67142945266085
0.0501319160291
0.64756527941447
0.61819073948362
0.98741913964195
0.94574351213577
0.99574474238119
0.99982905945522
0.99907690274422
0.99937409250034
0.99281355893169
0.99406501860096
0.9933761076899
0.99906295833814
0.99774142409983
0.99212090844148
0.99849855969288
0.99901528219703
0.93841987139078
0.98868554627992
0.97049791768038
0.9889321524863
0.97734902676269
0.88416782816466
0.68098956602521
0.24626763407838
0.030539015536619
0.14399452045065
0.25639721369277
0.018417545441186
0.19799068669109
0.18145284416247
0.08543584009753
0.0057152970744807
0.014688834678946
0.0087499747540329
0.045232656664662
0.19468607885853
0.014022535677154
0.046893530599254
0.01155418054963
0.033034460033176
0.0046993540374432
0.038575719472303
0.012897091498773
0.070097943734271
0.052865395576565
0.0056241940446196
0.01697665828399
0.00086674711118867
0.0069763399122133
0.0071453188014656
0.006337105722751
0.048050397396069
0.0036288377880596
0.031191316420893
0.0039275599103639
0.014866491256348
0.0067430922775808
0.0024811127834213
0.0082308453647732
0.057928636140455
0.049498500712697
0.017783732744188
0.0046866897512205
0.043630234002274
0.0071783789141597
0.0028179264842554
0.0015707040725426
0.026882944601595
0.0079231633235274
0.01591668110458
0.0066445011085016
0.04767016608822
0.001859086794211
0.0012869892460241
0.0037963162537756
0.037851968083349
0.027664461583704
0.01791791341694
0.010799170507526
0.029359341053185
0.018695275302625
0.02093888182214
0.0030796112942565
0.043862952028196
0.005684537717907
0.0039654204300644
0.025033047756823
0.0054784987554191
0.016883661329282
0.0019902983299536
0.039933101932955
0.010384867384927
0.0013299443956801
0.011730830913997
0.0061939688654142
0.0059208077315752
0.016349629642924
0.037183335926879
0.00053566493177984
0.0036272626264696
0.0013131927990413
0.0025064736918857
0.0017810399807189
0.019234528858349
0.01142866020668
0.00026881175653468
0.0016060612858445
0.00038946394164665
0.0001557366105679
0.00048149757877707
0.0037559649139392
0.0022485726486434
0.0022474927583675
0.027915861915843
0.0019912468777464
0.0087935206779108
0.017954964403369
0.010237288724339
0.017627881687724
0.004855032910573
0.0010336908400927
0.0039341063978465
0.028311758801279
0.0022516651786126
0.0019732427859768
0.054198804263221
0.0037891471383433
0.030135332575706
0.0054913504469887
0.00095214047754497
0.075611468092125
0.010365731004661
0.013287527578354
0.0016129422641913
0.0029933534228708
0.007308802744385
0.03239835802854
0.0025527949156412
0.011022480099486
0.0037070043682942
0.010154990794923
